0.000000000000000000e+00 6.408306850029778234e-02 -1.931932779590109575e-02
0.000000000000000000e+00 6.773100710033537475e-02 -3.031853239656182031e-02
0.000000000000000000e+00 1.854430715937525551e-02 -1.482264701247440388e-03
0.000000000000000000e+00 -6.010607750467248517e-02 1.921759586350156937e-02
0.000000000000000000e+00 1.278752133859514528e-01 5.363027515872673817e-02
0.000000000000000000e+00 8.613830073046006147e-03 4.231982362742787301e-02
0.000000000000000000e+00 5.371289018402643917e-02 7.831573677775693909e-02
0.000000000000000000e+00 6.260143742463328276e-02 8.559992310946985816e-02
0.000000000000000000e+00 1.607686143275117441e-01 5.670435230569090268e-02
0.000000000000000000e+00 -3.429070609425827892e-02 1.861962072697153636e-01
0.000000000000000000e+00 1.079617496268800575e-01 1.218727786371448796e-01
0.000000000000000000e+00 -1.031666889534527259e-01 1.914453687009676497e-01
0.000000000000000000e+00 6.180851658132827109e-02 1.813831766555981106e-01
0.000000000000000000e+00 -5.274974923071201055e-02 6.568418718995841510e-02
0.000000000000000000e+00 -1.991292379019838840e-02 1.852034101083086803e-01
0.000000000000000000e+00 -9.629321526092893269e-02 -2.401469458594838319e-02
0.000000000000000000e+00 2.616552804779781125e-02 3.102374693031153922e-03
0.000000000000000000e+00 -5.703459122513807739e-02 1.534030399500642128e-01
0.000000000000000000e+00 -5.891356642743893895e-02 6.358547821896322338e-02
0.000000000000000000e+00 -6.372307581877621752e-02 1.035739440174721915e-01
0.000000000000000000e+00 -9.707990078311591262e-03 8.482765874452957711e-02
0.000000000000000000e+00 -1.972506547585800574e-02 -1.553514378894919705e-04
0.000000000000000000e+00 -5.295822561721592880e-02 1.056122549638253971e-01
0.000000000000000000e+00 -8.158706563699333336e-02 1.548403722339339039e-01
0.000000000000000000e+00 -1.482589683394468505e-01 5.996821657751941204e-02
0.000000000000000000e+00 -2.854604852876524348e-03 2.503717025974230848e-02
0.000000000000000000e+00 -4.973639270309729299e-02 -4.061660147247231345e-02
0.000000000000000000e+00 -7.916625123105333617e-02 -1.997444162652974378e-02
0.000000000000000000e+00 -1.118710631439848342e-02 6.601250942927475163e-02
0.000000000000000000e+00 -4.453935325644634707e-02 6.401861510447151571e-02
0.000000000000000000e+00 -9.495864356567826348e-02 -1.633778207653038134e-02
0.000000000000000000e+00 -2.625601303298392142e-01 4.976412539640475037e-03
0.000000000000000000e+00 -1.632874632224649014e-01 6.513453330922061666e-04
0.000000000000000000e+00 -1.294291113475587174e-01 -3.054342751827308911e-02
0.000000000000000000e+00 -1.869972501586317226e-01 -7.816367496749876409e-02
0.000000000000000000e+00 -1.102537338559409913e-01 -1.478977899261130491e-01
0.000000000000000000e+00 4.156427871710462185e-02 -4.755218935634775851e-02
0.000000000000000000e+00 -2.001453715039312742e-01 -1.528734822629299328e-01
0.000000000000000000e+00 2.755970236690450173e-02 1.151476194907281522e-02
0.000000000000000000e+00 1.255354247168666108e-02 -9.692845310419163918e-02
0.000000000000000000e+00 -1.069968664051881985e-01 -1.697334536260215188e-01
0.000000000000000000e+00 -9.073287822374462297e-02 -8.780344108295633221e-02
0.000000000000000000e+00 -2.873049790184060634e-02 -1.041686211199765316e-01
0.000000000000000000e+00 -9.940424506724997167e-02 1.411446230948275142e-02
0.000000000000000000e+00 -3.236120033963100356e-02 -1.255170195140277167e-01
0.000000000000000000e+00 1.955319317324364856e-02 -1.900323948682220987e-01
0.000000000000000000e+00 -3.833508299049318002e-02 -1.459803350463592386e-01
0.000000000000000000e+00 5.986003186161879125e-02 -2.177187694747988733e-01
0.000000000000000000e+00 7.557470937456887972e-02 -1.338327546736486906e-01
0.000000000000000000e+00 3.336974339980873505e-02 -5.771532218172199802e-02
0.000000000000000000e+00 1.829055830201326005e-02 -1.838696722792212690e-01
0.000000000000000000e+00 4.661211421098510055e-02 1.311302794793239510e-02
0.000000000000000000e+00 6.933982424413988321e-02 -5.411142068244808971e-03
0.000000000000000000e+00 1.218354678348930326e-01 -6.944431659561248193e-02
0.000000000000000000e+00 5.040583189255955915e-02 -8.919045575426368458e-03
0.000000000000000000e+00 1.302107959859596063e-02 2.305787381328524427e-02
0.000000000000000000e+00 1.381180354847526826e-01 -7.907930587803380096e-02
0.000000000000000000e+00 1.312384968874699409e-01 -3.349186409206932058e-02
0.000000000000000000e+00 5.692804490820602831e-02 3.479533787597175604e-02
0.000000000000000000e+00 6.295265770848512688e-02 -2.296832624310554162e-03
0.000000000000000000e+00 4.627227570247321314e-02 -2.613961609241223505e-02
1.000000000000000000e+00 8.674048979300750251e-01 -2.242669622335327281e-02
1.000000000000000000e+00 8.540906910427888965e-01 -3.374799839667328577e-02
1.000000000000000000e+00 8.534549412128729085e-01 8.939840440356761064e-02
1.000000000000000000e+00 9.279487234827957787e-01 -6.886436466204103046e-02
1.000000000000000000e+00 8.875566115591929650e-01 2.181524606817949186e-01
1.000000000000000000e+00 9.080895088147692418e-01 2.092784006851443612e-01
1.000000000000000000e+00 9.478522683781420710e-01 2.241542216028815648e-01
1.000000000000000000e+00 8.237874584897714181e-01 3.603807139045235863e-01
1.000000000000000000e+00 8.383361736052615809e-01 2.874234626423677330e-01
1.000000000000000000e+00 8.221919534903484594e-01 4.196490562844376604e-01
1.000000000000000000e+00 7.262770966290867936e-01 3.057255401139039597e-01
1.000000000000000000e+00 6.560654781340231612e-01 3.345793890796451286e-01
1.000000000000000000e+00 6.798399741840506216e-01 2.980436004953179174e-01
1.000000000000000000e+00 7.342435763596184550e-01 5.070416417394191244e-01
1.000000000000000000e+00 7.265919578849261429e-01 5.951859634421692302e-01
1.000000000000000000e+00 7.064216649450345553e-01 5.581022775330294339e-01
1.000000000000000000e+00 6.435136620032027022e-01 5.849088402161848332e-01
1.000000000000000000e+00 7.041636337361706355e-01 5.717446393396234949e-01
1.000000000000000000e+00 6.865838754679750577e-01 6.054800469841553623e-01
1.000000000000000000e+00 4.805573018834572441e-01 8.662065081970908853e-01
1.000000000000000000e+00 6.606404876471357879e-01 6.495569145174147074e-01
1.000000000000000000e+00 4.738267657243102615e-01 7.893264450448390646e-01
1.000000000000000000e+00 4.119643716714911919e-01 8.399954513469158890e-01
1.000000000000000000e+00 3.824274089623031503e-01 7.895113400284838878e-01
1.000000000000000000e+00 4.412991825568619020e-01 8.488789215910623742e-01
1.000000000000000000e+00 4.390779812356628287e-01 7.574048264760380178e-01
1.000000000000000000e+00 3.321397529154549444e-01 9.406481179400281167e-01
1.000000000000000000e+00 2.027575869802578090e-01 8.465718793133020226e-01
1.000000000000000000e+00 2.477812271420920809e-01 8.828183021629112393e-01
1.000000000000000000e+00 2.194694388334502144e-01 8.843446286651340804e-01
1.000000000000000000e+00 1.782401477241583321e-01 8.588954181888309725e-01
1.000000000000000000e+00 1.058042795136561187e-01 6.861248890924627197e-01
1.000000000000000000e+00 1.129257465125025339e-01 8.275878472877681302e-01
1.000000000000000000e+00 9.973788210617257066e-03 8.461497336524244073e-01
1.000000000000000000e+00 -1.381840583645612026e-02 9.975731976084711849e-01
1.000000000000000000e+00 -7.670252995770701632e-02 9.103227064585802664e-01
1.000000000000000000e+00 1.139148022465776011e-02 9.900365970499772628e-01
1.000000000000000000e+00 -9.854884481377322591e-02 9.170814519953296440e-01
1.000000000000000000e+00 -1.617750881530963525e-01 8.907261574645157776e-01
1.000000000000000000e+00 -1.373980956926596775e-01 8.908181662444324411e-01
1.000000000000000000e+00 -1.383767995349437230e-01 8.433467736016615479e-01
1.000000000000000000e+00 -2.631130974236755571e-01 8.247888932748222990e-01
1.000000000000000000e+00 -2.923638921730661866e-01 7.988228114764446275e-01
1.000000000000000000e+00 -3.423308250207183767e-01 8.501534978691527300e-01
1.000000000000000000e+00 -2.779500161482590381e-01 8.222286169582977422e-01
1.000000000000000000e+00 -3.598954167052145214e-01 7.182048138003680471e-01
1.000000000000000000e+00 -5.589727082505965283e-01 7.087614968627773404e-01
1.000000000000000000e+00 -4.718604177602537808e-01 6.380081005947250139e-01
1.000000000000000000e+00 -4.369577247174847856e-01 6.525446892794432019e-01
1.000000000000000000e+00 -5.542020779840781675e-01 6.748832966266130606e-01
1.000000000000000000e+00 -5.083001818564996110e-01 7.300173723782786839e-01
1.000000000000000000e+00 -6.521308563204184505e-01 6.877445221924153307e-01
1.000000000000000000e+00 -7.084847657598756232e-01 6.459626485477935054e-01
1.000000000000000000e+00 -5.869139702644613488e-01 6.103585035631478029e-01
1.000000000000000000e+00 -6.148969800662913432e-01 4.931163172013969254e-01
1.000000000000000000e+00 -7.110398505920717538e-01 5.837740629237061496e-01
1.000000000000000000e+00 -7.211336418096609968e-01 4.430225714397084680e-01
1.000000000000000000e+00 -7.043942335300027446e-01 4.702542281433467197e-01
1.000000000000000000e+00 -8.614690751875513364e-01 5.079044828581398274e-01
1.000000000000000000e+00 -8.355064735209265514e-01 4.428918432738190303e-01
1.000000000000000000e+00 -8.046195401206778230e-01 4.248719658500257901e-01
1.000000000000000000e+00 -9.523655243429546280e-01 3.231786998959168544e-01
1.000000000000000000e+00 -7.848803424804176032e-01 2.458552119554534843e-01
1.000000000000000000e+00 -7.878830571157118268e-01 2.382910776842122880e-01
1.000000000000000000e+00 -9.104751011147462769e-01 1.945804055398049626e-01
1.000000000000000000e+00 -8.015596744644025717e-01 9.548787187907555041e-02
1.000000000000000000e+00 -9.313525573005208003e-01 2.278353183520870906e-01
1.000000000000000000e+00 -7.448631963117743338e-01 4.561589074894823598e-02
1.000000000000000000e+00 -9.165104504665619878e-01 1.264109133597379232e-02
1.000000000000000000e+00 -8.102116409618677073e-01 1.446885451580736948e-01
1.000000000000000000e+00 -8.486183938558510276e-01 8.238881270589272499e-02
1.000000000000000000e+00 -9.005169878101454417e-01 -1.061042715013456456e-01
1.000000000000000000e+00 -9.081191655370455251e-01 -1.190552969684180312e-01
1.000000000000000000e+00 -9.033170666794178016e-01 -1.394284498821443119e-01
1.000000000000000000e+00 -8.936279615254638653e-01 -1.520324606962970837e-01
1.000000000000000000e+00 -9.813038336539372519e-01 -3.678433366092291879e-01
1.000000000000000000e+00 -8.067730869122232695e-01 -4.560396541386540492e-01
1.000000000000000000e+00 -7.565425381166307472e-01 -3.592611088247457118e-01
1.000000000000000000e+00 -8.307418839199384175e-01 -2.830079552300986956e-01
1.000000000000000000e+00 -7.288174045496060849e-01 -3.921742876285510548e-01
1.000000000000000000e+00 -7.113556857173308767e-01 -3.675639229358103610e-01
1.000000000000000000e+00 -7.616807929185228643e-01 -3.693799576563894793e-01
1.000000000000000000e+00 -7.276577871671885411e-01 -4.613812852833176770e-01
1.000000000000000000e+00 -6.671998319118885856e-01 -5.643626516457352915e-01
1.000000000000000000e+00 -6.744759079752824515e-01 -5.870175736564540170e-01
1.000000000000000000e+00 -6.740919448103500633e-01 -5.049269849756037321e-01
1.000000000000000000e+00 -6.239027737862130607e-01 -6.993133694932984756e-01
1.000000000000000000e+00 -6.075164769024782307e-01 -6.517151188909028336e-01
1.000000000000000000e+00 -6.372849144154921763e-01 -6.097727857573893573e-01
1.000000000000000000e+00 -5.446146786216319313e-01 -6.854572697915883861e-01
1.000000000000000000e+00 -5.560169178957472536e-01 -7.832036736201938298e-01
1.000000000000000000e+00 -4.731824279148720280e-01 -7.558641938187267151e-01
1.000000000000000000e+00 -3.885265689074672291e-01 -8.232798391833598961e-01
1.000000000000000000e+00 -4.369283737609492846e-01 -7.946171387800204933e-01
1.000000000000000000e+00 -2.353186160676052352e-01 -7.190972850555552576e-01
1.000000000000000000e+00 -3.857358778443644165e-01 -6.564306162769253383e-01
1.000000000000000000e+00 -3.448939128851444269e-01 -8.036508694750379433e-01
1.000000000000000000e+00 -2.467707042869442535e-01 -6.209957785989234091e-01
1.000000000000000000e+00 -3.351083670377569268e-01 -6.879446662791833811e-01
1.000000000000000000e+00 -1.134364068063324210e-01 -7.619281553721510836e-01
1.000000000000000000e+00 -1.730932851985407181e-02 -8.878652879871203885e-01
1.000000000000000000e+00 -1.588233978200238317e-01 -8.117163721338838123e-01
1.000000000000000000e+00 -1.439928318525841855e-01 -7.775740211648016764e-01
1.000000000000000000e+00 7.763903151629601707e-02 -8.095572019675059128e-01
1.000000000000000000e+00 1.227276567557893279e-02 -8.499207629070258951e-01
1.000000000000000000e+00 5.036883995794013552e-02 -8.117428496978594810e-01
1.000000000000000000e+00 8.105878132280196213e-02 -9.400982181031050100e-01
1.000000000000000000e+00 1.596438931686661178e-01 -8.282355874770999105e-01
1.000000000000000000e+00 2.476800763634714464e-01 -8.878858942132473731e-01
1.000000000000000000e+00 2.852851626173816824e-01 -8.024390755506372042e-01
1.000000000000000000e+00 2.010537762535458128e-01 -7.423072628534749251e-01
1.000000000000000000e+00 1.804789993151589000e-01 -8.571169741200287406e-01
1.000000000000000000e+00 2.893264129046907440e-01 -8.615103332273441605e-01
1.000000000000000000e+00 3.290179887587482144e-01 -8.074040120383930708e-01
1.000000000000000000e+00 3.191595207243155263e-01 -7.153141740401020021e-01
1.000000000000000000e+00 4.009263562760341237e-01 -7.352629540806189246e-01
1.000000000000000000e+00 5.030864590902077715e-01 -6.522995897570866841e-01
1.000000000000000000e+00 4.489020391947073918e-01 -7.497961239768380359e-01
1.000000000000000000e+00 5.094835204913734650e-01 -6.983029158410636317e-01
1.000000000000000000e+00 6.144189355610365499e-01 -7.305442897077975006e-01
1.000000000000000000e+00 6.612340702004871895e-01 -6.742963800310504130e-01
1.000000000000000000e+00 5.748316106777551227e-01 -6.405207194555613270e-01
1.000000000000000000e+00 7.721553731902504047e-01 -5.008455636741608874e-01
1.000000000000000000e+00 6.168273337613894292e-01 -4.870444157481728653e-01
1.000000000000000000e+00 7.202491609617532875e-01 -5.220543446899219564e-01
1.000000000000000000e+00 7.700425655757340282e-01 -4.677895917782086133e-01
1.000000000000000000e+00 6.894014126234578876e-01 -4.116738954676971707e-01
1.000000000000000000e+00 7.909763743714929296e-01 -4.699158448459426207e-01
1.000000000000000000e+00 7.662735146845607304e-01 -4.148393218346514422e-01
1.000000000000000000e+00 7.278698408416998111e-01 -2.770546004260204254e-01
1.000000000000000000e+00 7.195710372663287613e-01 -3.451199842561806230e-01
1.000000000000000000e+00 8.489927188836959848e-01 -2.510792889321672994e-01
1.000000000000000000e+00 9.745679891628410418e-01 -2.504387104448483892e-01
1.000000000000000000e+00 7.598045277758213034e-01 -1.740073366386337694e-01
1.000000000000000000e+00 8.907873786098933211e-01 -2.081191326747000581e-01
1.000000000000000000e+00 8.116279778365131925e-01 -7.537017343865748398e-02
1.000000000000000000e+00 8.785739103834541153e-01 -6.335966936861909399e-03
1.000000000000000000e+00 1.014281203163948319e+00 -7.225747210975888568e-02
1.000000000000000000e+00 9.962395169009810036e-01 -4.052578552494118247e-02
2.000000000000000000e+00 2.233820794304651081e+00 -2.839157126639147571e-02
2.000000000000000000e+00 2.212240394801828991e+00 1.596470098281432826e-02
2.000000000000000000e+00 2.270497105678040306e+00 4.084293691166561158e-01
2.000000000000000000e+00 2.277247355101357229e+00 4.020682529369618008e-01
2.000000000000000000e+00 2.153154054012302865e+00 4.774353394565872821e-01
2.000000000000000000e+00 1.989813194798548679e+00 6.333950972206318086e-01
2.000000000000000000e+00 2.099438629083714147e+00 8.373783984236337075e-01
2.000000000000000000e+00 2.032594550767259811e+00 1.016301594357668092e+00
2.000000000000000000e+00 1.888463076438265942e+00 1.062010985799374696e+00
2.000000000000000000e+00 1.730338438085829100e+00 1.297560292826428041e+00
2.000000000000000000e+00 1.765792065100479036e+00 1.350294223669194604e+00
2.000000000000000000e+00 1.628414489840691814e+00 1.520130979699266360e+00
2.000000000000000000e+00 1.630970958468819676e+00 1.522573093868573535e+00
2.000000000000000000e+00 1.417686109342144007e+00 1.737917150922940523e+00
2.000000000000000000e+00 1.323283540912706169e+00 1.624360238412176916e+00
2.000000000000000000e+00 1.166023609719746501e+00 1.813323293215045595e+00
2.000000000000000000e+00 1.061325365725448444e+00 1.929570555750489858e+00
2.000000000000000000e+00 1.079130213551077855e+00 1.936120508897852588e+00
2.000000000000000000e+00 8.514984779350747157e-01 1.933466861765872791e+00
2.000000000000000000e+00 7.621108977036693544e-01 2.051201025317521243e+00
2.000000000000000000e+00 7.215391976977508781e-01 2.070612314119851582e+00
2.000000000000000000e+00 5.442770381683457170e-01 2.168127825331569447e+00
2.000000000000000000e+00 3.999934435593998638e-01 2.304801749046430981e+00
2.000000000000000000e+00 8.254117137218276723e-02 2.210940043979026104e+00
2.000000000000000000e+00 1.573161884604180327e-01 2.281943495376235642e+00
2.000000000000000000e+00 -1.405391891184771813e-01 2.287222447739124753e+00
2.000000000000000000e+00 -2.000047528293585064e-01 2.168244692468066503e+00
2.000000000000000000e+00 -2.978271373438221015e-01 2.178052526888635487e+00
2.000000000000000000e+00 -5.811282699019997278e-01 2.193856177416232622e+00
2.000000000000000000e+00 -6.345112723818764344e-01 2.062253123627881379e+00
2.000000000000000000e+00 -9.126088548714508253e-01 2.104225119308101188e+00
2.000000000000000000e+00 -9.444955595198688547e-01 2.028986863855360312e+00
2.000000000000000000e+00 -1.069395587339271536e+00 1.980271743041631227e+00
2.000000000000000000e+00 -1.078681008732082391e+00 1.870071356676243912e+00
2.000000000000000000e+00 -1.304098362408370182e+00 1.768929384637881075e+00
2.000000000000000000e+00 -1.450591288494450071e+00 1.694498247876835784e+00
2.000000000000000000e+00 -1.528324065777385332e+00 1.567133207534389117e+00
2.000000000000000000e+00 -1.708679487353922166e+00 1.580141134205066189e+00
2.000000000000000000e+00 -1.755444798180112453e+00 1.563997002095088407e+00
2.000000000000000000e+00 -1.746241093916726772e+00 1.374462460404969777e+00
2.000000000000000000e+00 -1.961021194648560506e+00 1.237261907852361453e+00
2.000000000000000000e+00 -1.955280496722360040e+00 1.050725136343060528e+00
2.000000000000000000e+00 -2.025244304778507143e+00 8.539184753102381231e-01
2.000000000000000000e+00 -2.016231217581252899e+00 7.202715342621384131e-01
2.000000000000000000e+00 -2.156746495021137022e+00 6.629433706004763671e-01
2.000000000000000000e+00 -2.052364972537579213e+00 5.197491558544728996e-01
2.000000000000000000e+00 -2.141607635529620524e+00 3.472615953024615898e-01
2.000000000000000000e+00 -2.260256902318695360e+00 2.181842482964457541e-01
2.000000000000000000e+00 -2.119747825173460498e+00 1.055088743681184688e-01
2.000000000000000000e+00 -2.306924403544339253e+00 -1.988376958031858738e-03
2.000000000000000000e+00 -2.154630588552847392e+00 -2.218205575195739965e-01
2.000000000000000000e+00 -2.213244667896500317e+00 -3.192674719009954698e-01
2.000000000000000000e+00 -2.135434936545820950e+00 -2.693987201733512027e-01
2.000000000000000000e+00 -2.158565266943584415e+00 -4.656994597154830440e-01
2.000000000000000000e+00 -2.090270252017565777e+00 -6.978245762849815126e-01
2.000000000000000000e+00 -2.124674635089411012e+00 -8.929279944918970813e-01
2.000000000000000000e+00 -1.966565732875779293e+00 -1.062026247492123598e+00
2.000000000000000000e+00 -1.826737143376256478e+00 -9.971951291493811320e-01
2.000000000000000000e+00 -1.950449263485118268e+00 -1.292034886682873474e+00
2.000000000000000000e+00 -1.737085374642790780e+00 -1.421740001654527408e+00
2.000000000000000000e+00 -1.652378727057354668e+00 -1.448688676534219288e+00
2.000000000000000000e+00 -1.656667614738150718e+00 -1.604874833103313803e+00
2.000000000000000000e+00 -1.545736133045358285e+00 -1.688364830116064308e+00
2.000000000000000000e+00 -1.391580009120022332e+00 -1.698022462796868970e+00
2.000000000000000000e+00 -1.216275585748135546e+00 -1.859884415480755671e+00
2.000000000000000000e+00 -1.204776275701041399e+00 -1.921375096552759620e+00
2.000000000000000000e+00 -9.705200272493086366e-01 -1.974197577164794382e+00
2.000000000000000000e+00 -9.819115550709847096e-01 -2.066838565355038515e+00
2.000000000000000000e+00 -7.237182378107558378e-01 -2.084101664722184832e+00
2.000000000000000000e+00 -5.909092520516916469e-01 -2.165325992745350980e+00
2.000000000000000000e+00 -5.944224077662453309e-01 -2.326803641880030415e+00
2.000000000000000000e+00 -3.209123880682096530e-01 -2.187179119414327300e+00
2.000000000000000000e+00 -3.539004385299025501e-01 -2.264823135822716438e+00
2.000000000000000000e+00 -1.585237458800164978e-01 -2.321568663831634627e+00
2.000000000000000000e+00 4.081854135533511535e-02 -2.194855789705974836e+00
2.000000000000000000e+00 1.823059546056336189e-01 -2.112315961794158703e+00
2.000000000000000000e+00 3.223951914434273758e-01 -2.244771501853824347e+00
2.000000000000000000e+00 3.831859916013407030e-01 -2.370607712033790726e+00
2.000000000000000000e+00 5.723359407014706468e-01 -2.134365870499577156e+00
2.000000000000000000e+00 7.279127660192512561e-01 -2.171669759893979812e+00
2.000000000000000000e+00 1.040199865347942954e+00 -2.087079331962430118e+00
2.000000000000000000e+00 9.147498853946310904e-01 -1.895466977336845771e+00
2.000000000000000000e+00 1.020052794976418653e+00 -1.968980450103294588e+00
2.000000000000000000e+00 1.195919064080080529e+00 -1.814115251228063608e+00
2.000000000000000000e+00 1.250915448273112851e+00 -1.674305351878533576e+00
2.000000000000000000e+00 1.444123957650013335e+00 -1.673810432632075740e+00
2.000000000000000000e+00 1.526011585897192546e+00 -1.614715373328661663e+00
2.000000000000000000e+00 1.670499347356806830e+00 -1.416082967127057390e+00
2.000000000000000000e+00 1.692884571904829993e+00 -1.455146576978951778e+00
2.000000000000000000e+00 1.927680427070092239e+00 -1.074128628293293808e+00
2.000000000000000000e+00 1.822517174020550801e+00 -1.025295271553638088e+00
2.000000000000000000e+00 2.014239714428325279e+00 -1.151881260610020385e+00
2.000000000000000000e+00 1.986390854881310286e+00 -8.346118364972465731e-01
2.000000000000000000e+00 1.982663895494602313e+00 -7.304498447331927435e-01
2.000000000000000000e+00 2.047232959822419929e+00 -6.676188372160138940e-01
2.000000000000000000e+00 2.192250520330905506e+00 -3.941999925481151079e-01
2.000000000000000000e+00 2.127649298080688034e+00 -2.003096302001930729e-01
2.000000000000000000e+00 2.271399316440729788e+00 -1.161460508959670374e-01
2.000000000000000000e+00 2.195888080646816842e+00 4.677023552807694357e-02
