0.000000000000000000e+00 -1.717323688290375516e+00 8.863598709208116988e-01
0.000000000000000000e+00 -1.781754018746072532e+00 7.557854172076557964e-01
0.000000000000000000e+00 -1.805582393003595243e+00 7.361957663243396954e-01
0.000000000000000000e+00 -1.772937329454848721e+00 6.915034202538417052e-01
0.000000000000000000e+00 -1.911145995949983023e+00 5.603556679143889552e-01
0.000000000000000000e+00 -1.683898080741957459e+00 4.921792955384519108e-01
0.000000000000000000e+00 -1.781173803591890259e+00 5.128037509892019452e-01
0.000000000000000000e+00 -1.847501578279933776e+00 3.451022405747270483e-01
0.000000000000000000e+00 -1.816893605440674575e+00 9.916843043657672108e-02
0.000000000000000000e+00 -1.774448285601369690e+00 2.284673125887979606e-01
0.000000000000000000e+00 -1.881957738557602067e+00 1.245690747370152424e-01
0.000000000000000000e+00 -1.692861737690638524e+00 -5.133028521150982681e-02
0.000000000000000000e+00 -1.712420308957797177e+00 9.909352309238375622e-02
0.000000000000000000e+00 -1.677834411051398300e+00 -1.464350142381278322e-02
0.000000000000000000e+00 -1.703826791585002498e+00 -1.464127731844322711e-01
0.000000000000000000e+00 -1.713982806641355161e+00 -1.463986687165818312e-01
0.000000000000000000e+00 -1.716077865801763247e+00 -1.848544391861466907e-01
0.000000000000000000e+00 -1.612394537572803044e+00 -2.527591433040785041e-01
0.000000000000000000e+00 -1.546003223065233634e+00 -5.695222750535304801e-01
0.000000000000000000e+00 -1.624242757190915931e+00 -3.662840446334915123e-01
0.000000000000000000e+00 -1.479201739646698543e+00 -5.194998537782389292e-01
0.000000000000000000e+00 -1.568175387808249610e+00 -6.737173660894700822e-01
0.000000000000000000e+00 -1.384583577739333382e+00 -7.000836164006863926e-01
0.000000000000000000e+00 -1.558511249445809765e+00 -6.924872324360926701e-01
0.000000000000000000e+00 -1.455543210119110586e+00 -6.042552812888069003e-01
0.000000000000000000e+00 -1.420755496283181207e+00 -7.433687082060864704e-01
0.000000000000000000e+00 -1.355489924542210511e+00 -7.575234234211496442e-01
0.000000000000000000e+00 -1.268464379785720020e+00 -9.609427106204009306e-01
0.000000000000000000e+00 -1.303760530047573196e+00 -1.078401281043017468e+00
0.000000000000000000e+00 -1.336704251192501580e+00 -1.176797654930727299e+00
0.000000000000000000e+00 -1.262235808232468948e+00 -1.304094153325490169e+00
0.000000000000000000e+00 -1.210457356890664027e+00 -1.108923531098460868e+00
0.000000000000000000e+00 -1.257961480640490404e+00 -1.262912556881040427e+00
0.000000000000000000e+00 -1.173973687725516468e+00 -1.439390844675647374e+00
0.000000000000000000e+00 -1.070284023538378815e+00 -1.294157913444365482e+00
0.000000000000000000e+00 -1.086891383125998534e+00 -1.438043189923991383e+00
0.000000000000000000e+00 -1.054599646408405311e+00 -1.497893063682385062e+00
0.000000000000000000e+00 -1.037149525058012500e+00 -1.356658779973040740e+00
0.000000000000000000e+00 -9.337189266422865064e-01 -1.514358996965565307e+00
0.000000000000000000e+00 -8.508446229793218407e-01 -1.585258907618741331e+00
0.000000000000000000e+00 -9.182054173362415028e-01 -1.578403277227330204e+00
0.000000000000000000e+00 -7.891937886855179274e-01 -1.623820010097892341e+00
0.000000000000000000e+00 -9.183447712411505481e-01 -1.848559647948667672e+00
0.000000000000000000e+00 -7.521848579360278508e-01 -1.516080996035335859e+00
0.000000000000000000e+00 -6.887246910277382561e-01 -1.831793621409117057e+00
0.000000000000000000e+00 -6.586024645236620012e-01 -1.643902498182714611e+00
0.000000000000000000e+00 -6.641458554216927990e-01 -1.589593170657827903e+00
0.000000000000000000e+00 -5.583949935808136811e-01 -1.748185316746528439e+00
0.000000000000000000e+00 -6.287277218560370917e-01 -1.757199944631755439e+00
0.000000000000000000e+00 -5.362257657374894793e-01 -1.918233197217956931e+00
0.000000000000000000e+00 -3.895353882179748983e-01 -1.875451591261532158e+00
0.000000000000000000e+00 -3.684976700700755003e-01 -1.904614031491190129e+00
0.000000000000000000e+00 -3.595395090586391285e-01 -2.062602396475451183e+00
0.000000000000000000e+00 -2.605355676029282308e-01 -1.803500101857915539e+00
0.000000000000000000e+00 -9.232556026616577094e-02 -1.799773932621416606e+00
0.000000000000000000e+00 -1.857566800445832611e-01 -1.885909615156690533e+00
0.000000000000000000e+00 -3.309067545971570712e-01 -1.745548831833261261e+00
0.000000000000000000e+00 -7.084170128303431124e-02 -1.848140638976317085e+00
0.000000000000000000e+00 -9.942510003779438110e-02 -1.876823259219846607e+00
0.000000000000000000e+00 1.400361643922426805e-03 -1.946594515477348519e+00
0.000000000000000000e+00 -1.350361378691268821e-01 -1.954014493336545089e+00
0.000000000000000000e+00 1.474519702587137882e-01 -1.969608716408905558e+00
0.000000000000000000e+00 6.804908934564270206e-02 -1.974018561857934895e+00
0.000000000000000000e+00 1.834856387400835565e-01 -1.936476631024826478e+00
0.000000000000000000e+00 3.407809548163935887e-01 -1.944915557729275823e+00
0.000000000000000000e+00 3.097729092321454547e-01 -1.917527681030290809e+00
0.000000000000000000e+00 3.937162224525457832e-01 -1.874609753780006605e+00
0.000000000000000000e+00 3.107027128206955036e-01 -1.924142877662826878e+00
0.000000000000000000e+00 3.398028042735071752e-01 -1.956493740790663738e+00
0.000000000000000000e+00 3.498241398378428846e-01 -1.891508991709742071e+00
0.000000000000000000e+00 6.010079626985570522e-01 -1.738843589662393940e+00
0.000000000000000000e+00 6.710058783081240819e-01 -1.789997635958783917e+00
0.000000000000000000e+00 4.437758690882451784e-01 -1.671616958168247624e+00
0.000000000000000000e+00 6.147595436198508567e-01 -1.584406284951607624e+00
0.000000000000000000e+00 7.728917630714549070e-01 -1.607431464280278055e+00
0.000000000000000000e+00 6.448635497618183665e-01 -1.604765490431406372e+00
0.000000000000000000e+00 8.116513381744614453e-01 -1.503953471636708228e+00
0.000000000000000000e+00 7.626050001314881310e-01 -1.499099502003305329e+00
0.000000000000000000e+00 7.836949134550437179e-01 -1.661629406101823525e+00
0.000000000000000000e+00 1.003811346037072338e+00 -1.622911203438535788e+00
0.000000000000000000e+00 9.711190514550932518e-01 -1.397324195239769029e+00
0.000000000000000000e+00 1.043364106421731607e+00 -1.393601352181321085e+00
0.000000000000000000e+00 1.064133095225845205e+00 -1.341519568175418620e+00
0.000000000000000000e+00 9.420330197566261221e-01 -1.346840663400252103e+00
0.000000000000000000e+00 1.185661140335446007e+00 -1.229898996527364119e+00
0.000000000000000000e+00 1.074369505385933010e+00 -1.186328259704323651e+00
0.000000000000000000e+00 1.291979629543158481e+00 -1.105860879629057658e+00
0.000000000000000000e+00 1.217167555752819430e+00 -9.797052341951041354e-01
0.000000000000000000e+00 1.170169851553840790e+00 -8.441557988009762425e-01
0.000000000000000000e+00 1.267441599975192457e+00 -1.161444185650818861e+00
0.000000000000000000e+00 1.287962321214080053e+00 -1.156146155705223277e+00
0.000000000000000000e+00 1.257991622806892806e+00 -6.653576422035467619e-01
0.000000000000000000e+00 1.362832791795998366e+00 -8.444994370961437236e-01
0.000000000000000000e+00 1.336258616477590699e+00 -8.302113029186443116e-01
0.000000000000000000e+00 1.360234733761225279e+00 -7.373876141575389509e-01
0.000000000000000000e+00 1.417750982945522820e+00 -6.569707851011046262e-01
0.000000000000000000e+00 1.605048012003394975e+00 -6.130160922811743740e-01
0.000000000000000000e+00 1.554502834610302697e+00 -4.521111223000879309e-01
0.000000000000000000e+00 1.502998590899378817e+00 -5.408709820792456657e-01
0.000000000000000000e+00 1.527412095132382186e+00 -3.715294720172628296e-01
0.000000000000000000e+00 1.510882556080616279e+00 -4.081729527197434093e-01
0.000000000000000000e+00 1.581960324203398160e+00 -4.048642562518801058e-01
0.000000000000000000e+00 1.428635932037223277e+00 -1.939801155892926510e-01
0.000000000000000000e+00 1.715680912120766566e+00 -4.636064416126809556e-02
0.000000000000000000e+00 1.629200266438047606e+00 -1.198887594291088016e-01
0.000000000000000000e+00 1.598633830389087240e+00 3.407565696428561941e-02
0.000000000000000000e+00 1.627862482592843163e+00 1.995901043870655645e-01
0.000000000000000000e+00 1.789245837286664420e+00 9.664943640362290422e-02
0.000000000000000000e+00 1.587232949935114323e+00 2.415801568018705048e-01
0.000000000000000000e+00 1.771529848087525894e+00 1.481703456577296296e-01
0.000000000000000000e+00 1.710175115087368303e+00 3.359468207237194526e-01
0.000000000000000000e+00 1.626072598328370367e+00 5.160080778172529969e-01
0.000000000000000000e+00 1.818973041276217728e+00 5.672796479614296006e-01
0.000000000000000000e+00 1.687651673591652024e+00 6.002473840915080183e-01
0.000000000000000000e+00 1.804323366304392495e+00 4.957567739541564045e-01
0.000000000000000000e+00 1.739155849205272997e+00 7.163346354799949856e-01
0.000000000000000000e+00 1.678771309756918795e+00 8.375017055285211010e-01
0.000000000000000000e+00 1.710451372462418851e+00 7.986382132865069705e-01
1.000000000000000000e+00 -4.855900079708686534e-01 4.832966602425814440e-01
1.000000000000000000e+00 -9.024953456853632705e-01 1.050150124425043519e+00
1.000000000000000000e+00 -6.489780964514637596e-01 1.004577412993775898e+00
1.000000000000000000e+00 -8.969062822523237166e-01 2.416875799706067474e-01
1.000000000000000000e+00 -5.556796144638264101e-01 3.482031633856852992e-01
1.000000000000000000e+00 -5.907069239790088133e-01 6.247018159265895765e-01
1.000000000000000000e+00 -7.654504533721900872e-01 1.059070241204568275e+00
1.000000000000000000e+00 -5.369523711930582754e-01 3.204672946627109553e-01
1.000000000000000000e+00 -8.863489085122688849e-01 1.207243115425709501e+00
1.000000000000000000e+00 -5.295630535118475146e-01 6.877673878913975747e-01
1.000000000000000000e+00 -5.344692848494475568e-01 1.143728377927561768e+00
1.000000000000000000e+00 -8.114131350096864814e-01 9.663444369313115567e-01
1.000000000000000000e+00 -4.710721368834485112e-01 2.056666418471218560e-01
1.000000000000000000e+00 -6.667890603081170209e-01 9.353224383650105000e-01
1.000000000000000000e+00 -7.608675763096883760e-01 4.761991548397206397e-01
1.000000000000000000e+00 -7.457904589565248488e-01 9.077424892102745613e-01
1.000000000000000000e+00 -5.689638818865866421e-01 1.018180016495783713e+00
1.000000000000000000e+00 -8.801209865327305204e-01 6.162468652796786461e-01
1.000000000000000000e+00 -8.284301514939254041e-01 5.164908949825770534e-01
1.000000000000000000e+00 -8.230488646575231382e-01 1.036187735197195314e+00
1.000000000000000000e+00 -3.598196449835912580e-01 5.599419279684160200e-01
1.000000000000000000e+00 -6.349129174226614269e-01 1.061017927866731769e+00
1.000000000000000000e+00 -3.419527826568547479e-01 5.059473698190956048e-01
1.000000000000000000e+00 -5.320037606372375327e-01 9.791702878896373363e-01
1.000000000000000000e+00 -4.696983297148387138e-01 1.001786268684347725e+00
1.000000000000000000e+00 -8.676566031838233162e-01 9.690180516905193553e-01
1.000000000000000000e+00 -8.549316100634192228e-01 8.025804439286049474e-01
1.000000000000000000e+00 -5.145588937347970182e-01 4.603977979994186009e-01
1.000000000000000000e+00 -7.206113584730829968e-01 1.617466676458439445e-01
1.000000000000000000e+00 -4.607493927018163071e-01 4.403820371191081717e-01
1.000000000000000000e+00 -8.283720569537755818e-01 4.776184296059678980e-01
1.000000000000000000e+00 -8.107117976820048533e-01 1.191861108891936416e+00
1.000000000000000000e+00 -6.027479027367237396e-01 8.493589218123368534e-01
1.000000000000000000e+00 -7.812819786388777166e-01 2.220636664097830615e-01
1.000000000000000000e+00 -5.966253791928464167e-01 6.284833136710782364e-01
1.000000000000000000e+00 -6.116266606239492143e-01 9.654375805071978567e-01
1.000000000000000000e+00 -3.235429858791259994e-01 7.345519407458031003e-01
1.000000000000000000e+00 -8.220501000964903771e-01 9.343019594028405539e-01
1.000000000000000000e+00 -5.319533554651871832e-01 2.668075790325067920e-01
1.000000000000000000e+00 -4.182536786444585597e-01 3.435706306133357590e-01
1.000000000000000000e+00 -9.566685404650091540e-01 2.327992291707035588e-01
1.000000000000000000e+00 -6.989071185122537333e-01 1.920522392541386403e-01
1.000000000000000000e+00 -4.614683883172064904e-01 7.471776980112196931e-01
1.000000000000000000e+00 -3.475661504281242764e-01 9.568189168577186932e-01
1.000000000000000000e+00 -7.947570219612102305e-01 9.320247106886822008e-01
1.000000000000000000e+00 -1.000480568820419691e+00 8.214916827086340412e-01
1.000000000000000000e+00 -3.790873016620828762e-01 5.396825135706936338e-01
1.000000000000000000e+00 -4.019853103304293906e-01 5.689325616657150420e-01
1.000000000000000000e+00 -3.678743427376410802e-01 2.933469188274696049e-01
1.000000000000000000e+00 -6.069938459281454257e-01 5.329714581871535239e-01
1.000000000000000000e+00 -9.196533766234938900e-01 5.794790492323480535e-01
1.000000000000000000e+00 -8.662484891104501594e-01 9.483380042438412927e-01
1.000000000000000000e+00 -5.930225986287688267e-01 5.219811870683275234e-01
1.000000000000000000e+00 -9.712739901316419511e-01 4.367795513263654783e-01
1.000000000000000000e+00 -8.508481445484042949e-01 2.831916938237712955e-01
1.000000000000000000e+00 -7.567281337227327320e-01 9.559432964821613643e-01
1.000000000000000000e+00 -6.169825075704222783e-01 3.220158986642043808e-01
1.000000000000000000e+00 -5.553879757005314444e-01 6.811510053795493125e-01
1.000000000000000000e+00 -8.049263538487295699e-01 1.035411900440594835e+00
1.000000000000000000e+00 -9.175353974082778308e-01 7.858181380540203431e-01
1.000000000000000000e+00 -7.597924899727024339e-01 3.546199036074953459e-01
1.000000000000000000e+00 -4.370715954532596870e-01 8.114114989394481947e-01
1.000000000000000000e+00 -4.383610654541008622e-01 6.445096145115998265e-01
1.000000000000000000e+00 -7.847983769043398450e-01 9.183548464980866299e-01
1.000000000000000000e+00 -8.334115604483468553e-01 1.137436823998572377e+00
1.000000000000000000e+00 -8.949724590190158979e-01 4.977387054559070378e-01
1.000000000000000000e+00 -7.119284733340122129e-01 7.475904222629449203e-01
1.000000000000000000e+00 -8.606572696309822135e-01 7.366111493381359843e-01
1.000000000000000000e+00 -6.503154652491625054e-01 3.780681717300668487e-01
1.000000000000000000e+00 -3.260168162650580737e-01 1.035446253399969319e+00
1.000000000000000000e+00 -7.983087306320688636e-01 1.066006773789814455e+00
1.000000000000000000e+00 -5.892966895186946275e-01 7.568299100574999994e-01
1.000000000000000000e+00 -7.437063624879638457e-01 6.777407777054085258e-01
1.000000000000000000e+00 -8.774583210493591690e-01 1.194081045369363991e+00
1.000000000000000000e+00 -4.776825390114831649e-01 1.047431881092468986e+00
2.000000000000000000e+00 6.802577161844973741e-01 7.986680699507480163e-01
2.000000000000000000e+00 6.569388053839475550e-01 5.359316023049310873e-01
2.000000000000000000e+00 5.214100397186397506e-01 7.370606948799280911e-01
2.000000000000000000e+00 7.364518102285850798e-01 8.637991474678132775e-01
2.000000000000000000e+00 6.712988347960667790e-01 5.600471979049849169e-01
2.000000000000000000e+00 9.958250403736804701e-01 8.980578024391471237e-01
2.000000000000000000e+00 8.376770128841302121e-01 3.749207135927152823e-01
2.000000000000000000e+00 8.256402511404815625e-01 8.398046270385632894e-01
2.000000000000000000e+00 8.611908991093026877e-01 6.682890436067452367e-01
2.000000000000000000e+00 9.402157310142355007e-01 3.771273755043909048e-01
2.000000000000000000e+00 9.556377864009290013e-01 8.993605175431454990e-01
2.000000000000000000e+00 6.483810632378125272e-01 8.056631224737429431e-01
2.000000000000000000e+00 6.788319174597563510e-01 5.350444174473375503e-01
2.000000000000000000e+00 6.875027558657827997e-01 4.657766650243872486e-01
2.000000000000000000e+00 7.688992842969404329e-01 9.802412540705319755e-01
2.000000000000000000e+00 8.831742098627002324e-01 5.118995845292148017e-01
2.000000000000000000e+00 7.895422067841318947e-01 9.153230660686283437e-01
2.000000000000000000e+00 6.319342443400833842e-01 6.598885982320108479e-01
2.000000000000000000e+00 8.383388492303722739e-01 2.580641657428847657e-01
2.000000000000000000e+00 7.971014569652700166e-01 5.419954681651418804e-01
2.000000000000000000e+00 9.125055568105441273e-01 6.000490322144733657e-01
2.000000000000000000e+00 4.866492663023980203e-01 1.029133776896712149e+00
2.000000000000000000e+00 5.581082487031180372e-01 3.150034557354929876e-01
2.000000000000000000e+00 7.176251380258265034e-01 6.270582718788051402e-01
2.000000000000000000e+00 8.966562326835397778e-01 9.458046843393566050e-01
2.000000000000000000e+00 8.105573071034211097e-01 5.920483920641423925e-01
2.000000000000000000e+00 7.588796431246469520e-01 9.147208894922274069e-01
2.000000000000000000e+00 6.336496212181751408e-01 9.823556600461357258e-01
2.000000000000000000e+00 6.711723869663895892e-01 1.001263137371640521e+00
2.000000000000000000e+00 7.011747612813308272e-01 8.820632888682129469e-01
2.000000000000000000e+00 7.451237462355275731e-01 6.103725476471121292e-01
2.000000000000000000e+00 7.139053954912576438e-01 1.008223572126409673e+00
2.000000000000000000e+00 7.724547398116643482e-01 1.111284248981433187e+00
2.000000000000000000e+00 7.387011673203784934e-01 8.255711656879790583e-01
2.000000000000000000e+00 7.295417315514466372e-01 5.109115977133644737e-01
2.000000000000000000e+00 9.975052948106370998e-01 7.007378222021589664e-01
2.000000000000000000e+00 9.532994917580297489e-01 9.567404752912086474e-01
2.000000000000000000e+00 9.966238476884180519e-01 8.999312080005564818e-01
2.000000000000000000e+00 6.570567819894432837e-01 1.066566046489432873e+00
2.000000000000000000e+00 5.191537141382236431e-01 5.559190112759525570e-01
2.000000000000000000e+00 1.021758711459003877e+00 6.353164570427249913e-01
2.000000000000000000e+00 8.272303147217209274e-01 8.964379078730615458e-01
2.000000000000000000e+00 9.140639086424380277e-01 3.183439148811348929e-01
2.000000000000000000e+00 8.106484993052822663e-01 2.949067156737228412e-01
2.000000000000000000e+00 7.494878184062638837e-01 3.630443459538754691e-01
2.000000000000000000e+00 9.558657750639925066e-01 7.148073505219372237e-01
2.000000000000000000e+00 8.474356604746026145e-01 2.642885318155455687e-01
2.000000000000000000e+00 4.913946741724140033e-01 5.254527776093278479e-01
2.000000000000000000e+00 1.003182529165053349e+00 9.078992657359665763e-01
2.000000000000000000e+00 1.028211150824499320e+00 8.033076082284260622e-01
2.000000000000000000e+00 5.040343252876507973e-01 1.054386270266895798e+00
2.000000000000000000e+00 6.461453128367968812e-01 4.888758954341985152e-01
2.000000000000000000e+00 5.367990873906355320e-01 9.118726533478331842e-01
2.000000000000000000e+00 9.508097271106424886e-01 3.040402525379180543e-01
2.000000000000000000e+00 5.580466212353436539e-01 5.180743998549784957e-01
2.000000000000000000e+00 6.777599730340150286e-01 9.600094954716666962e-01
2.000000000000000000e+00 5.670617026237878555e-01 5.587909231132504040e-01
2.000000000000000000e+00 5.654579351429817047e-01 5.359721511784373282e-01
2.000000000000000000e+00 5.721193394024458589e-01 2.733696634935714465e-01
2.000000000000000000e+00 5.663560034233953155e-01 9.324697909004764362e-01
2.000000000000000000e+00 8.293642313046419856e-01 1.012115062092048046e+00
2.000000000000000000e+00 5.612622249633234528e-01 6.405595410498690079e-01
2.000000000000000000e+00 7.465123897821029919e-01 1.041197379344982687e+00
2.000000000000000000e+00 6.994339475442291620e-01 7.821773269353181623e-01
2.000000000000000000e+00 5.651983671988600744e-01 2.665083743675537575e-01
2.000000000000000000e+00 6.199236770527623008e-01 2.822787666116203797e-01
2.000000000000000000e+00 4.978447126010689394e-01 1.115312227423808755e+00
2.000000000000000000e+00 6.372773209787152560e-01 3.932852806298947623e-01
2.000000000000000000e+00 8.389478278741037132e-01 6.568632089664572238e-01
2.000000000000000000e+00 8.018124362280822925e-01 3.851390020093151123e-01
2.000000000000000000e+00 9.648782479936812706e-01 1.108156572984621002e+00
2.000000000000000000e+00 8.270779109417258912e-01 1.018440317699172981e+00
2.000000000000000000e+00 5.026683736309144335e-01 6.793365016042280935e-01
